loss,acc
162.11804,0.0078125
78.92731,0.0
34.080883,0.0
21.927895,0.0
16.61877,0.00390625
12.26581,0.0
9.718269,0.01171875
8.2896385,0.00390625
7.5501018,0.0
7.09737,0.0078125
7.0964956,0.0
6.7961116,0.00390625
6.6616015,0.00390625
6.533555,0.0078125
6.540578,0.01171875
6.556799,0.01171875
6.5240927,0.01171875
6.4637995,0.00390625
6.423934,0.015625
6.3670225,0.0
6.3348165,0.0
6.209392,0.0078125
6.169317,0.00390625
6.3384886,0.0
6.17489,0.00390625
6.0141854,0.0234375
5.912052,0.01171875
6.0300484,0.00390625
6.0363812,0.0
5.8545737,0.0
5.8753223,0.0078125
5.909789,0.00390625
5.8204956,0.015625
5.7393737,0.015625
5.685973,0.0078125
5.7366657,0.01171875
5.746869,0.00390625
5.626253,0.00390625
5.7094374,0.0078125
5.714519,0.00390625
5.5488834,0.0078125
5.4983454,0.015625
5.5630155,0.0078125
5.4995556,0.0078125
5.440623,0.0078125
5.4741898,0.00390625
5.514213,0.01171875
5.43626,0.01953125
5.3928204,0.00390625
5.3253274,0.0
5.4018755,0.0078125
5.2691536,0.00390625
5.3701587,0.0078125
5.363553,0.015625
5.353493,0.0
5.2750845,0.0078125
5.3405094,0.0078125
5.3087926,0.01171875
5.397998,0.01171875
5.295039,0.01171875
5.4107018,0.00390625
5.3628945,0.01171875
5.3124256,0.0078125
5.287644,0.01171875
5.4191732,0.00390625
5.291072,0.0078125
5.2809973,0.01171875
5.260867,0.01171875
5.3103304,0.01171875
5.2982206,0.00390625
5.2734776,0.01171875
5.342802,0.0078125
5.28078,0.0078125
5.295848,0.0078125
5.1879663,0.015625
5.2485886,0.02734375
5.2695255,0.01953125
5.3648148,0.015625
5.2334347,0.015625
5.1626506,0.0078125
5.2948084,0.0078125
5.2978196,0.0078125
5.1858945,0.03125
5.2927537,0.00390625
5.200592,0.0234375
5.242058,0.0
5.2747664,0.0234375
5.21386,0.015625
5.215781,0.01171875
5.173389,0.01953125
5.2780123,0.0234375
5.2551384,0.01953125
5.1496553,0.0234375
5.238386,0.01171875
5.3540554,0.01953125
5.154958,0.01171875
5.0991774,0.0234375
5.2399817,0.01953125
5.127896,0.046875
5.1449833,0.03125
5.244555,0.02734375
5.2228312,0.03515625
5.223219,0.0234375
5.102285,0.0390625
5.217438,0.00390625
5.1704407,0.02734375
5.186509,0.0078125
5.263562,0.01953125
5.2792044,0.0234375
5.303961,0.03125
5.1729307,0.03515625
5.1130266,0.0234375
5.1521244,0.02734375
5.279841,0.00390625
5.1289177,0.01171875
5.332428,0.0390625
5.329173,0.015625
5.2466974,0.015625
5.299155,0.03515625
5.2201858,0.01171875
5.163995,0.0078125
5.3667088,0.03125
5.2177744,0.01171875
5.16389,0.01171875
5.270125,0.0078125
5.3808565,0.01171875
5.2789307,0.02734375
5.4180965,0.03515625
5.1942635,0.015625
5.292223,0.01171875
5.2204013,0.01171875
5.3134017,0.04296875
5.3216305,0.0234375
5.186891,0.02734375
5.1332498,0.01953125
5.191372,0.015625
5.216893,0.02734375
5.246868,0.03125
5.1851397,0.0390625
5.3232403,0.04296875
5.279744,0.015625
5.249809,0.03125
5.155861,0.0234375
5.1162615,0.0390625
5.320137,0.03515625
5.21338,0.01953125
5.285239,0.0078125
5.1532865,0.03125
5.130395,0.03125
5.1098585,0.02734375
5.1951857,0.01953125
5.2285414,0.0234375
5.0269537,0.0078125
5.1673546,0.0390625
5.1522026,0.02734375
5.134755,0.01953125
5.246681,0.02734375
5.236922,0.01171875
5.1543913,0.03515625
5.127595,0.01953125
5.12813,0.05078125
5.2379384,0.03125
5.120949,0.03125
5.085026,0.03515625
5.051178,0.03515625
5.1890574,0.01953125
5.1647024,0.015625
5.0497127,0.046875
5.1103973,0.01953125
5.214614,0.0234375
5.1339865,0.02734375
5.262625,0.03125
5.1201253,0.02734375
5.11847,0.02734375
5.19495,0.0234375
5.188943,0.01953125
5.1111603,0.03125
5.016781,0.03515625
5.122896,0.04296875
5.2674913,0.015625
5.0977864,0.03515625
4.974366,0.07421875
5.0988398,0.0078125
5.182276,0.0625
5.2169924,0.015625
5.14646,0.0234375
5.2043476,0.03515625
5.123911,0.03125
5.11342,0.0390625
5.126045,0.05859375
5.1515207,0.015625
5.0253797,0.02734375
5.1990976,0.0234375
5.076871,0.03125
5.21682,0.03515625
5.0134697,0.03125
5.197385,0.03125
5.1170855,0.01953125
5.1642265,0.01953125
5.223588,0.0234375
5.142351,0.0234375
5.156082,0.015625
5.1877565,0.01953125
5.123802,0.02734375
5.0635204,0.02734375
5.2529936,0.03125
5.1651344,0.03125
5.217467,0.01953125
5.2944107,0.01953125
5.1594763,0.0234375
5.1498594,0.01953125
4.986959,0.05078125
5.0631933,0.01953125
5.1824245,0.0234375
5.2951097,0.04296875
5.1838255,0.01171875
5.1507077,0.02734375
5.0846386,0.015625
5.182006,0.02734375
5.1205225,0.03515625
5.0679793,0.02734375
5.14106,0.02734375
4.9886427,0.02734375
5.07504,0.05078125
5.2321243,0.0234375
5.0257864,0.0390625
5.1158113,0.03125
4.934684,0.05859375
5.0283527,0.05859375
5.136814,0.0234375
5.027731,0.046875
5.145299,0.03515625
5.0636954,0.03125
5.0293856,0.0234375
5.169484,0.0390625
5.052906,0.05078125
5.3774796,0.01953125
5.0763564,0.0234375
5.182721,0.0390625
5.014416,0.05859375
5.182171,0.01953125
5.091878,0.046875
5.0449243,0.0234375
5.171014,0.046875
5.1884356,0.02734375
5.162439,0.0390625
4.953062,0.046875
5.065963,0.03515625
5.103324,0.02734375
4.983139,0.03125
5.025534,0.0546875
5.189868,0.0390625
5.069305,0.05078125
5.0794864,0.02734375
5.0560074,0.03125
4.997758,0.0703125
5.1660743,0.0390625
5.007663,0.0234375
5.0251136,0.03125
5.004673,0.046875
4.861141,0.0703125
5.027877,0.03125
5.0605016,0.02734375
5.023442,0.01171875
5.0243363,0.0390625
5.0675,0.015625
5.153426,0.03125
4.926492,0.05859375
5.2973747,0.01953125
5.078088,0.03125
5.059642,0.0390625
5.1954985,0.04296875
5.0744696,0.03515625
5.085972,0.0546875
5.084074,0.0390625
5.12768,0.03125
5.2793517,0.046875
5.084646,0.0234375
5.1129546,0.03515625
5.2785683,0.0234375
5.244162,0.03125
4.995923,0.0546875
5.2911663,0.0390625
5.071744,0.0703125
5.188231,0.04296875
4.9980373,0.03515625
5.116507,0.015625
5.07749,0.04296875
5.1119785,0.0234375
5.0659375,0.046875
4.8273344,0.06640625
5.063904,0.015625
5.106773,0.01953125
5.1329527,0.03125
4.9334087,0.0390625
5.133255,0.0546875
5.000429,0.0546875
4.9513464,0.0625
4.9553823,0.046875
5.054141,0.0234375
5.141308,0.03515625
5.0059595,0.0390625
5.2589955,0.02734375
5.143469,0.02734375
4.906171,0.06640625
5.037749,0.05078125
4.9665003,0.046875
4.999145,0.0234375
4.986294,0.046875
4.9408717,0.046875
5.1180344,0.0390625
4.89227,0.0234375
5.1586637,0.02734375
5.0860767,0.04296875
5.0303864,0.046875
5.1621113,0.04296875
5.1955495,0.046875
5.198568,0.03125
5.082199,0.04296875
5.2162466,0.04296875
5.2574053,0.02734375
5.033307,0.0390625
4.9231615,0.0390625
5.1136627,0.01953125
5.037857,0.015625
4.966628,0.0703125
4.8563156,0.08203125
5.0345154,0.03125
5.0148926,0.04296875
5.022545,0.046875
4.930251,0.0625
5.076386,0.03125
5.0246744,0.04296875
4.9434333,0.05078125
4.954517,0.06640625
5.126964,0.046875
4.843288,0.03515625
5.2876024,0.03515625
4.941786,0.0546875
5.1593657,0.05078125
4.9755306,0.0546875
5.0652723,0.046875
5.12986,0.03125
5.098323,0.0390625
4.9915895,0.0546875
4.955885,0.0234375
5.0771694,0.03125
5.014312,0.05859375
5.0107474,0.03515625
5.1299524,0.04296875
5.1379957,0.04296875
4.978615,0.0234375
4.986747,0.0234375
5.102579,0.03515625
4.9276304,0.0546875
4.9373713,0.046875
5.2117815,0.03515625
4.880456,0.0703125
5.1057544,0.0546875
5.0069747,0.03515625
4.952299,0.078125
5.0645914,0.03515625
5.1066008,0.02734375
5.098733,0.05078125
4.928232,0.05078125
5.046208,0.0703125
5.0687876,0.05078125
5.111694,0.0390625
5.0486917,0.03515625
5.117201,0.03515625
5.1907444,0.046875
5.104168,0.02734375
5.128824,0.03125
4.8930607,0.06640625
5.0697227,0.0390625
5.068487,0.0234375
5.049469,0.05078125
4.910344,0.03515625
5.0008383,0.04296875
4.823634,0.0703125
4.9717207,0.05078125
4.9623733,0.04296875
4.934357,0.07421875
4.932887,0.0390625
5.067236,0.03125
5.0870676,0.04296875
5.117321,0.04296875
4.9553614,0.046875
5.094525,0.03515625
5.194005,0.05859375
5.3593335,0.03515625
5.034874,0.05859375
4.957587,0.046875
5.1276655,0.03125
5.0831823,0.04296875
5.041912,0.03125
5.0424995,0.0546875
4.9569907,0.046875
4.962898,0.0546875
5.05662,0.04296875
5.0962424,0.0546875
5.1378474,0.05078125
4.89085,0.0625
4.916719,0.078125
5.21686,0.0390625
5.042786,0.046875
5.279353,0.04296875
5.061328,0.0390625
5.0273485,0.046875
5.1193123,0.04296875
5.120243,0.03125
5.028484,0.0703125
5.146757,0.0390625
5.1056576,0.0390625
4.9952507,0.05078125
5.217641,0.0390625
5.063697,0.04296875
5.0762753,0.07421875
5.0821795,0.0546875
5.221803,0.01953125
5.0711994,0.05859375
5.0977006,0.0625
5.1918726,0.0390625
5.058919,0.05078125
5.072442,0.0546875
5.0221796,0.046875
5.1614623,0.0390625
5.064165,0.04296875
5.0473757,0.04296875
4.9470177,0.05859375
5.097892,0.07421875
5.202934,0.04296875
5.077793,0.02734375
4.9992523,0.0546875
5.00387,0.04296875
4.943364,0.07421875
5.035754,0.046875
5.0754194,0.0625
4.9766326,0.05859375
5.0542865,0.05078125
4.891472,0.0546875
4.873349,0.04296875
5.013006,0.03515625
4.9639874,0.08203125
5.1537566,0.0390625
5.030379,0.05078125
4.9520392,0.0703125
4.8135595,0.046875
5.039693,0.03125
5.121215,0.0546875
5.1310296,0.04296875
5.0606356,0.0390625
5.001351,0.06640625
5.168129,0.0546875
4.87854,0.05078125
5.0824585,0.06640625
4.9681263,0.0625
5.116699,0.03515625
5.0694113,0.0625
4.942963,0.06640625
5.0174756,0.0390625
4.9291124,0.05859375
5.1505694,0.04296875
5.2656207,0.046875
4.918427,0.0703125
5.099898,0.05078125
5.02751,0.06640625
5.0109544,0.0546875
4.9536805,0.05859375
5.2027354,0.0625
5.1242766,0.04296875
5.1499786,0.03125
5.0967555,0.0625
5.1479797,0.046875
5.001981,0.05078125
5.4085827,0.03515625
4.9076643,0.09375
5.0767646,0.046875
5.1866217,0.05078125
5.3540406,0.0234375
5.0981617,0.05859375
5.1685576,0.05078125
4.9669642,0.0625
5.071599,0.03125
4.9983644,0.0546875
5.052966,0.0546875
4.973921,0.0703125
5.1252594,0.046875
5.046968,0.05078125
5.137725,0.05078125
5.079065,0.0703125
4.9594154,0.0625
5.048376,0.0546875
5.237544,0.046875
5.0373783,0.05859375
5.1206427,0.078125
5.228627,0.02734375
4.9291244,0.0625
5.0531416,0.0703125
5.268527,0.05859375
4.9746103,0.06640625
4.991765,0.046875
5.106163,0.05078125
4.958906,0.046875
5.202669,0.04296875
5.0561285,0.0546875
5.1210423,0.03515625
5.2179813,0.0390625
5.239683,0.015625
5.1406164,0.06640625
4.9482403,0.05078125
5.2763724,0.03515625
5.1764936,0.01953125
5.0899806,0.0390625
5.1150436,0.03125
5.279866,0.04296875
5.061839,0.04296875
5.300045,0.05859375
5.1119256,0.05078125
5.3766575,0.03515625
5.038535,0.046875
5.042369,0.0234375
5.008133,0.0625
4.971937,0.0390625
5.060367,0.03515625
5.058385,0.04296875
5.176486,0.046875
5.4043293,0.0390625
5.1871157,0.0546875
5.2141805,0.03125
5.2299757,0.046875
5.011506,0.04296875
5.152922,0.0390625
5.0822573,0.05078125
5.023625,0.0625
5.1147237,0.0546875
5.041292,0.046875
5.0881796,0.046875
5.008478,0.06640625
5.040738,0.04296875
4.9944525,0.0625
5.0549173,0.0546875
5.208531,0.02734375
4.9871945,0.0546875
5.1974382,0.03125
4.9533377,0.04296875
5.2532206,0.03515625
5.003892,0.05859375
4.9870033,0.0546875
4.8465223,0.046875
5.095921,0.0234375
5.142041,0.078125
5.213809,0.05859375
5.167304,0.03125
5.0776606,0.046875
5.08106,0.0703125
5.138098,0.07421875
5.2396197,0.05078125
4.9029703,0.06640625
4.9090285,0.06640625
5.243474,0.04296875
5.0056295,0.04296875
5.176589,0.03125
4.932786,0.09375
5.246032,0.04296875
5.1994824,0.0390625
5.102602,0.06640625
5.13444,0.02734375
5.0075006,0.05078125
5.070071,0.03125
5.0191255,0.046875
5.0541086,0.0390625
5.184811,0.02734375
5.072424,0.05859375
5.05807,0.07421875
5.1698728,0.05859375
5.5399284,0.0390625
5.1118975,0.04296875
5.203105,0.05859375
5.044015,0.046875
4.9572287,0.0546875
5.1237564,0.06640625
5.0127707,0.0625
5.1391373,0.04296875
5.127353,0.04296875
4.993001,0.0703125
5.01383,0.07421875
5.221075,0.0546875
5.1692076,0.0390625
5.2307787,0.0625
5.2191496,0.05859375
5.2599163,0.07421875
5.047006,0.06640625
5.1471744,0.0546875
5.002907,0.078125
5.1163397,0.05859375
5.1559987,0.03515625
4.8929796,0.05859375
5.2361264,0.0546875
5.0447555,0.0625
5.1282206,0.05859375
5.141893,0.06640625
5.0471067,0.0703125
5.0544295,0.07421875
4.99551,0.08984375
5.014229,0.0625
5.114705,0.0546875
5.1505404,0.0546875
5.03627,0.046875
5.021624,0.06640625
5.0995164,0.0625
5.228342,0.05859375
5.1688967,0.0625
4.9433403,0.05078125
5.0911417,0.04296875
5.3238177,0.05078125
5.224165,0.04296875
5.3151255,0.0546875
5.25844,0.046875
4.9194775,0.07421875
5.2861185,0.05859375
5.3290215,0.0546875
4.9619384,0.07421875
5.184535,0.02734375
5.109425,0.05078125
4.9795513,0.0546875
5.222031,0.046875
4.9649215,0.0546875
4.9626684,0.078125
5.172952,0.05859375
5.114805,0.046875
4.8327684,0.0703125
5.2629976,0.05859375
4.9995623,0.0625
5.021205,0.05859375
5.0957775,0.046875
4.8182716,0.08984375
5.0258083,0.046875
5.0439425,0.06640625
5.2127314,0.0546875
5.1949472,0.0390625
5.1348634,0.0546875
4.93919,0.09375
5.103584,0.05078125
5.075908,0.046875
5.0550833,0.05078125
5.1010838,0.03125
5.1985555,0.046875
4.879716,0.0625
5.0981765,0.05078125
5.332207,0.06640625
5.2539864,0.05859375
5.110089,0.046875
5.0197515,0.03125
5.1334763,0.05078125
5.211413,0.04296875
5.1160126,0.03125
4.964384,0.04296875
5.1209693,0.0390625
5.102066,0.06640625
5.073998,0.0546875
4.989881,0.07421875
5.217719,0.04296875
5.095538,0.0390625
5.0460997,0.0703125
5.0566645,0.0859375
5.0125093,0.05859375
4.9786344,0.05859375
4.9912224,0.05859375
5.1661634,0.04296875
5.277606,0.03515625
5.190471,0.04296875
5.155532,0.05078125
5.1881704,0.046875
5.1435347,0.03125
5.0340023,0.0546875
4.966442,0.05078125
5.3568764,0.046875
5.3319035,0.046875
5.158732,0.05078125
4.9417353,0.0625
5.2249985,0.0390625
5.186014,0.0703125
5.2382603,0.03125
5.113305,0.0703125
5.151379,0.0625
5.249073,0.046875
5.203264,0.05078125
4.988896,0.08203125
5.0728893,0.0390625
4.9570923,0.06640625
5.031346,0.08203125
5.1234875,0.08984375
4.9577394,0.0546875
5.0929527,0.06640625
5.2933307,0.0546875
5.015959,0.0546875
5.1347227,0.046875
5.0931225,0.03515625
4.8393283,0.11328125
5.0243645,0.05859375
5.06427,0.046875
5.1013007,0.0546875
4.890563,0.05859375
5.021308,0.08984375
5.005675,0.0703125
5.021199,0.0546875
4.8141975,0.09765625
5.017993,0.05078125
4.971361,0.0859375
5.045701,0.0703125
5.127975,0.04296875
5.063257,0.05859375
5.1663465,0.05859375
5.107089,0.0703125
5.0138984,0.05859375
4.939617,0.078125
5.067168,0.0625
5.122154,0.0546875
5.0287127,0.0546875
5.0324836,0.07421875
4.9795184,0.0546875
4.867745,0.05859375
4.8936014,0.09375
4.9768653,0.078125
5.1088037,0.05859375
5.0731506,0.0703125
5.031133,0.0625
5.230466,0.03515625
5.061312,0.09375
5.035887,0.0390625
4.987453,0.05859375
4.9965105,0.06640625
5.0733814,0.0703125
4.958852,0.05078125
5.274541,0.05078125
5.224368,0.04296875
4.928323,0.078125
4.9700875,0.0703125
4.877781,0.08984375
5.1782207,0.0859375
5.2891636,0.0390625
5.0720415,0.06640625
5.169117,0.03515625
5.12926,0.03125
5.137851,0.0390625
5.138464,0.08984375
5.1003814,0.05859375
5.1712656,0.05859375
5.018445,0.04296875
5.0361195,0.06640625
5.060955,0.04296875
4.980053,0.078125
5.061166,0.0703125
5.085643,0.0625
5.1002574,0.09375
5.0666375,0.07421875
5.059731,0.046875
5.107807,0.0859375
5.0303836,0.05078125
5.208189,0.0390625
5.062731,0.078125
4.9801126,0.06640625
5.119735,0.0859375
5.0404687,0.078125
5.100668,0.05078125
5.177687,0.04296875
5.085386,0.05078125
4.883504,0.06640625
5.0694547,0.0625
5.062548,0.0546875
4.862337,0.0703125
4.8742685,0.1015625
5.110757,0.08203125
4.8661237,0.10546875
5.066381,0.0625
5.1504984,0.0546875
5.1200275,0.0859375
4.983018,0.078125
4.923907,0.0703125
4.9984136,0.07421875
5.2750864,0.04296875
5.004807,0.0390625
5.1562343,0.05859375
4.9228134,0.078125
5.1991982,0.109375
5.0998855,0.046875
5.197797,0.05859375
5.0537233,0.0546875
5.1412024,0.06640625
5.1993237,0.06640625
5.1194563,0.07421875
5.2191424,0.06640625
4.985586,0.078125
5.2576,0.05859375
5.1302195,0.0546875
5.1012373,0.0859375
5.301544,0.0390625
5.242991,0.04296875
5.148407,0.05859375
4.9324074,0.09765625
5.136963,0.046875
5.033568,0.046875
4.9951315,0.05859375
5.1697693,0.05859375
5.1478086,0.0625
5.054142,0.0703125
4.830741,0.1171875
5.1592135,0.0390625
4.916389,0.0703125
4.9800057,0.08203125
5.209355,0.05078125
4.996874,0.0859375
5.2855387,0.0546875
4.9855323,0.05078125
5.091616,0.046875
4.8195496,0.0703125
5.0096827,0.07421875
5.094493,0.03515625
5.1675477,0.046875
5.110209,0.0703125
5.1186514,0.08203125
5.0326133,0.0859375
4.920727,0.07421875
5.0120716,0.06640625
5.0590935,0.078125
5.1567497,0.046875
4.9782023,0.08984375
5.262725,0.0703125
5.1343565,0.0625
4.992448,0.06640625
5.257935,0.0390625
4.9797735,0.05859375
4.9212723,0.07421875
5.079857,0.0546875
5.0625787,0.06640625
5.074337,0.05078125
4.967165,0.07421875
5.133085,0.078125
5.0643144,0.05859375
5.042329,0.078125
5.0068655,0.046875
5.041238,0.08203125
5.0257506,0.07421875
4.9596395,0.078125
4.956885,0.0859375
5.025301,0.09375
5.0046997,0.04296875
4.899416,0.05859375
5.1736107,0.05078125
5.1611505,0.05859375
5.182678,0.06640625
5.3441167,0.06640625
5.026289,0.07421875
4.9493966,0.05859375
4.9455223,0.08203125
5.2917895,0.05078125
5.119341,0.0859375
5.0692143,0.0625
4.9868374,0.0390625
5.223097,0.046875
5.15341,0.06640625
5.226137,0.08984375
5.246953,0.08203125
5.2675343,0.03125
5.119714,0.078125
5.01447,0.08984375
4.949912,0.09375
4.9254074,0.07421875
5.2124248,0.078125
5.073612,0.05078125
4.843886,0.078125
5.118845,0.0859375
5.065255,0.1015625
4.974355,0.0625
5.207629,0.03515625
4.9094744,0.07421875
4.8585215,0.1171875
4.9420824,0.09375
4.8577895,0.0625
5.052574,0.046875
4.9834547,0.046875
4.8910384,0.08203125
5.0728235,0.08203125
5.4296427,0.0625
4.919605,0.0625
5.2965193,0.0625
5.1232867,0.0546875
5.197081,0.05078125
5.215881,0.078125
5.1542883,0.0625
5.1176467,0.05078125
5.021411,0.1015625
5.1715193,0.07421875
5.0979104,0.08203125
5.2052536,0.05859375
5.00062,0.08984375
4.964348,0.0625
5.078075,0.0703125
5.083939,0.0390625
5.199547,0.046875
5.007702,0.0625
5.300594,0.05078125
5.0394144,0.046875
4.9567866,0.05078125
5.0074654,0.0703125
4.992264,0.05859375
5.0942955,0.0390625
5.249468,0.05859375
5.102504,0.05859375
5.247394,0.05078125
4.887104,0.078125
5.02736,0.0703125
5.018202,0.06640625
5.145486,0.08203125
5.074619,0.0859375
4.964518,0.0625
5.0187387,0.08984375
4.8878965,0.0859375
4.91933,0.078125
5.0767584,0.04296875
5.0262933,0.05078125
5.006194,0.046875
4.9739733,0.0703125
5.0981436,0.078125
5.1389327,0.0703125
5.1950626,0.0546875
4.97188,0.0390625
5.011964,0.07421875
4.9734106,0.07421875
4.9874687,0.08203125
5.0680943,0.046875
4.932005,0.0703125
4.875468,0.07421875
5.1018248,0.08984375
4.8190823,0.08203125
4.9530764,0.0859375
5.0646105,0.07421875
4.956993,0.09375
5.0159674,0.0546875
5.161438,0.05859375
5.059816,0.0625
4.8490324,0.08203125
4.966629,0.0625
5.033879,0.06640625
5.0169625,0.0703125
5.077424,0.0703125
4.994882,0.06640625
5.0772824,0.07421875
5.106391,0.06640625
4.797954,0.06640625
4.9783983,0.078125
5.0948687,0.046875
5.200147,0.0703125
5.053175,0.08203125
4.913854,0.08203125
4.8208437,0.0703125
4.894369,0.0859375
4.9330664,0.05859375
4.9899187,0.0625
5.019593,0.08203125
5.10456,0.05859375
4.92942,0.0859375
5.170825,0.03125
4.9746,0.109375
5.064727,0.06640625
5.277985,0.05859375
5.0857477,0.0859375
5.0730343,0.06640625
4.9485846,0.0859375
4.9506564,0.07421875
4.971349,0.08984375
4.969987,0.0625
5.1993055,0.0703125
5.126935,0.08984375
5.1226025,0.0625
4.8984284,0.07421875
5.1706414,0.0546875
4.915551,0.09375
4.9476323,0.078125
4.974999,0.0859375
5.0852566,0.08984375
5.2544847,0.06640625
4.8612194,0.0703125
4.8449287,0.1015625
5.0528383,0.07421875
5.424549,0.0625
5.1782265,0.06640625
5.275053,0.08203125
5.0775766,0.07421875
4.8970776,0.08984375
5.2549515,0.0703125
5.0951633,0.0625
5.163686,0.08203125
5.091235,0.08203125
5.031864,0.07421875
5.1288652,0.0703125
5.142727,0.08203125
5.217168,0.05078125
5.093753,0.0390625
5.0042715,0.06640625
5.181759,0.0703125
5.005112,0.09375
5.175317,0.09375
5.2709455,0.04296875
5.0600348,0.0859375
4.917738,0.09375
5.1734295,0.0390625
5.0698843,0.0859375
5.014148,0.08203125
5.417638,0.04296875
4.99304,0.08203125
5.1488004,0.0859375
4.979208,0.0703125
5.175829,0.06640625
5.0904927,0.0625
5.1533813,0.0546875
5.3132677,0.08203125
5.2378626,0.0703125
4.99753,0.09375
5.1398826,0.07421875
5.071745,0.06640625
5.039918,0.078125
5.006549,0.08984375
5.1601095,0.04296875
5.1493683,0.06640625
5.0172424,0.1015625
5.1642256,0.05859375
5.2391443,0.0859375
4.9141655,0.0625
5.124117,0.046875
5.1576433,0.0859375
4.966485,0.10546875
4.8857107,0.09375
5.0244613,0.07421875
5.137376,0.10546875
4.9769015,0.07421875
4.931102,0.09765625
5.0269327,0.11328125
5.0923033,0.05859375
5.139127,0.0625
4.9050426,0.046875
4.9856577,0.08984375
5.178693,0.05859375
4.9624324,0.0859375
5.049859,0.05078125
5.115735,0.06640625
5.0987167,0.06640625
4.998631,0.07421875
5.187355,0.078125
5.0463395,0.09765625
5.032165,0.0546875
5.0280433,0.0703125
5.0246325,0.0703125
4.9492207,0.1015625
5.1343026,0.046875
5.052637,0.078125
5.021926,0.0859375
5.061411,0.0390625
5.0369415,0.09765625
4.991998,0.06640625
5.2305946,0.05078125
4.994008,0.0546875
4.95965,0.07421875
5.0681767,0.06640625
5.0257897,0.09375
5.0731053,0.06640625
5.1897497,0.046875
5.049672,0.0703125
5.108242,0.04296875
5.225644,0.0546875
5.0759315,0.09375
5.141096,0.0625
5.1805897,0.05859375
5.2009144,0.046875
4.9538107,0.08984375
5.2325945,0.08203125
5.009303,0.0703125
5.2547345,0.0703125
4.9994946,0.1015625
5.030752,0.0703125
5.1625185,0.0546875
5.1130285,0.07421875
4.8774605,0.08203125
5.0911036,0.05078125
5.034663,0.078125
5.153886,0.04296875
5.1089735,0.06640625
5.1441116,0.11328125
5.1884727,0.05078125
5.052902,0.0625
5.097129,0.05859375
5.0430155,0.05078125
4.967443,0.0703125
5.2389526,0.06640625
5.12868,0.046875
4.9269624,0.09375
4.9951715,0.09375
5.213003,0.078125
5.034509,0.07421875
4.9741554,0.07421875
5.0010767,0.078125
5.0150228,0.09765625
4.992793,0.06640625
4.9285283,0.0625
4.984446,0.078125
5.041892,0.0859375
4.9045,0.08203125
4.7937036,0.08984375
5.022008,0.09765625
4.980172,0.08203125
4.984738,0.10546875
4.8700485,0.078125
4.9163647,0.0859375
5.1314096,0.06640625
5.004594,0.0546875
4.9618874,0.0703125
5.145544,0.08203125
5.1209993,0.0625
5.053481,0.05859375
4.980914,0.08984375
4.985917,0.08984375
5.12288,0.078125
5.245682,0.05078125
5.0383697,0.08203125
5.2730885,0.0625
5.005642,0.07421875
4.98071,0.1015625
5.004117,0.109375
5.3000336,0.07421875
5.2602463,0.0390625
5.1096077,0.06640625
5.044465,0.1015625
5.2484446,0.05859375
5.0418606,0.078125
5.061736,0.08984375
5.119609,0.08203125
5.1694093,0.0390625
4.918824,0.046875
5.0157604,0.06640625
5.2328176,0.05078125
5.0746202,0.07421875
5.0736184,0.0703125
5.1233253,0.08203125
5.1180954,0.08203125
5.1273184,0.05078125
5.3380985,0.05859375
5.1936245,0.0703125
5.1077695,0.078125
5.012458,0.07421875
5.02549,0.0625
5.196168,0.078125
4.905048,0.078125
5.240838,0.05859375
5.167761,0.046875
5.147346,0.08203125
5.125232,0.07421875
5.09396,0.109375
5.0006847,0.078125
5.1255064,0.0703125
4.9641776,0.07421875
5.336753,0.0390625
5.2857323,0.0625
5.0371313,0.08203125
5.03572,0.0390625
5.1379433,0.1171875
4.985025,0.05078125
5.227677,0.0859375
5.200318,0.0546875
5.0324364,0.109375
5.1012325,0.0859375
5.061676,0.0859375
4.893918,0.08203125
5.4162116,0.03515625
4.9192038,0.08203125
5.137456,0.0625
5.079852,0.08203125
5.19936,0.08203125
5.192712,0.046875
5.0259676,0.078125
4.8725257,0.0859375
5.1335998,0.08203125
4.9578004,0.1015625
5.144264,0.046875
4.860159,0.10546875
4.779029,0.09765625
4.996736,0.0546875
4.948449,0.09765625
5.1179843,0.05078125
5.188879,0.046875
4.9140067,0.078125
5.135458,0.08203125
5.0872316,0.0625
5.0706654,0.046875
5.1817946,0.08203125
5.045623,0.07421875
5.090989,0.07421875
5.143481,0.0625
4.9530325,0.07421875
5.0471897,0.109375
5.0283165,0.1015625
4.782366,0.1171875
4.7685237,0.0703125
4.87456,0.0859375
5.059205,0.0703125
5.06771,0.0625
5.099186,0.05078125
5.268565,0.0390625
4.9552536,0.08203125
5.0540347,0.07421875
5.0728116,0.06640625
5.0586386,0.078125
5.0014806,0.09375
5.0740027,0.0546875
4.957929,0.0859375
5.1261616,0.0859375
4.9869184,0.08203125
5.351746,0.08203125
5.300711,0.04296875
5.2284827,0.0703125
5.0658774,0.0546875
5.08767,0.0625
5.1793447,0.0546875
4.970536,0.09375
4.9929514,0.04296875
5.013706,0.06640625
5.004426,0.0859375
5.3458176,0.04296875
5.064558,0.0859375
5.1144066,0.0546875
5.1102543,0.06640625
5.0428505,0.08203125
5.1049204,0.05859375
5.039996,0.0859375
5.2975855,0.07421875
4.736355,0.109375
5.34314,0.04296875
5.135732,0.0625
5.440189,0.078125
5.3259544,0.06640625
5.182781,0.0546875
5.1627226,0.05078125
5.1461573,0.0625
5.0464344,0.05078125
5.0900984,0.08984375
5.1099596,0.0703125
5.1250315,0.07421875
5.0877447,0.0703125
5.023143,0.06640625
4.992252,0.09375
5.003649,0.05859375
5.078851,0.0625
5.09138,0.0703125
5.1049557,0.078125
5.023267,0.08984375
4.947916,0.09765625
5.1218405,0.05078125
4.9370704,0.09375
5.109108,0.046875
5.069609,0.07421875
4.8188624,0.1015625
4.9922633,0.05859375
5.018381,0.07421875
4.987586,0.0625
4.9219356,0.10546875
4.8737826,0.109375
5.1020555,0.05859375
5.23849,0.0703125
5.0228157,0.0703125
5.083772,0.08203125
5.1078453,0.08984375
5.120467,0.07421875
5.071031,0.07421875
5.0060806,0.05859375
5.037937,0.078125
5.029164,0.08203125
4.9705224,0.08203125
4.920406,0.0859375
5.065691,0.0703125
5.0347276,0.08203125
5.00529,0.078125
4.8722286,0.09375
4.874861,0.08984375
5.1719894,0.078125
4.8496284,0.09765625
5.1079555,0.09375
4.9672813,0.08203125
4.771598,0.09375
5.0707655,0.08203125
4.9129868,0.11328125
4.740073,0.13671875
5.0136614,0.08203125
5.4079337,0.05078125
4.885208,0.08984375
5.2558722,0.08984375
4.9306307,0.0859375
5.087736,0.078125
5.0405283,0.05859375
5.2007155,0.0625
5.1353126,0.06640625
5.0420194,0.07421875
4.95767,0.07421875
4.839651,0.1171875
4.98737,0.09375
5.011037,0.08984375
5.132663,0.08203125
5.25905,0.078125
5.055173,0.06640625
5.047169,0.1015625
4.9961143,0.09375
5.1457696,0.09765625
5.0275016,0.08203125
5.202907,0.05859375
4.9714236,0.0625
5.0675325,0.078125
4.807876,0.11328125
5.1460667,0.0859375
4.991414,0.07421875
4.826999,0.1328125
5.0546603,0.08984375
5.1421094,0.10546875
4.9390554,0.09765625
5.06588,0.03125
5.005909,0.08203125
4.94641,0.08203125
5.1411233,0.02734375
5.016142,0.0703125
4.9669704,0.06640625
5.145465,0.0546875
4.881131,0.08203125
5.0455437,0.0859375
5.1253343,0.05859375
5.140038,0.07421875
4.9145536,0.1171875
5.077112,0.109375
4.9737153,0.08984375
4.9987288,0.08203125
4.8863654,0.10546875
5.118869,0.06640625
4.8754196,0.10546875
4.8929057,0.09765625
5.1087446,0.06640625
5.081567,0.09765625
4.7140937,0.140625
5.1615186,0.0703125
5.2247868,0.08203125
5.089682,0.078125
4.9548254,0.07421875
5.192332,0.06640625
5.0038295,0.1015625
5.2304516,0.09765625
4.9963493,0.10546875
4.8501234,0.12109375
4.9744825,0.1015625
5.004301,0.11328125
5.1204214,0.078125
5.151893,0.06640625
4.9904966,0.09375
5.0914817,0.08984375
4.88829,0.078125
4.937911,0.0546875
4.989882,0.08984375
4.9561925,0.06640625
4.862979,0.0859375
5.2941427,0.08203125
4.946534,0.08984375
4.960918,0.09765625
4.847977,0.12109375
4.895159,0.10546875
5.152651,0.08984375
4.9034243,0.08984375
4.777995,0.109375
4.834567,0.0859375
4.9532623,0.109375
4.8842554,0.0703125
4.837389,0.09765625
5.036866,0.08984375
5.06833,0.08984375
5.0379405,0.06640625
5.064417,0.0625
5.079461,0.07421875
4.9658165,0.09375
4.894252,0.10546875
5.036003,0.05078125
4.9774346,0.12109375
4.8983707,0.1015625
5.008165,0.06640625
5.173031,0.0703125
4.9232073,0.10546875
4.9086776,0.07421875
5.1949177,0.1015625
4.9982285,0.078125
4.9445505,0.046875
4.906457,0.09375
5.058875,0.06640625
4.978844,0.109375
4.934429,0.10546875
4.9934783,0.06640625
5.0079594,0.078125
4.9304876,0.05859375
5.0153265,0.0703125
4.954221,0.0703125
4.9506855,0.078125
4.9536433,0.0859375
4.9935045,0.09765625
5.0217657,0.09375
4.913883,0.078125
4.9495506,0.109375
5.052247,0.0859375
4.901453,0.109375
5.3546596,0.0625
4.8533516,0.109375
5.150552,0.07421875
4.867285,0.09765625
5.0261683,0.08203125
4.9098244,0.078125
4.9858294,0.09765625
5.324215,0.07421875
5.261573,0.08984375
4.9890814,0.0625
4.983119,0.078125
4.8731365,0.078125
5.0419407,0.09375
5.052144,0.09375
5.1024704,0.078125
5.0359755,0.109375
4.984974,0.12109375
5.1622715,0.0859375
5.2282715,0.078125
4.8700905,0.13671875
4.902748,0.11328125
5.114614,0.08203125
4.943916,0.10546875
4.9254384,0.1171875
5.078998,0.09375
4.882156,0.140625
5.2020154,0.0859375
5.097516,0.08984375
5.134872,0.07421875
5.192455,0.08203125
5.138239,0.09765625
4.9874463,0.078125
4.966141,0.078125
4.9920874,0.09765625
4.9475536,0.109375
4.829768,0.08984375
5.132605,0.078125
5.089427,0.0859375
4.975301,0.12109375
4.906144,0.09375
5.03426,0.0859375
5.1426435,0.0859375
4.8690424,0.10546875
5.163883,0.08203125
5.081791,0.08203125
5.228528,0.06640625
5.0044193,0.0703125
5.317197,0.078125
5.096946,0.0703125
5.0489573,0.09765625
5.2536745,0.08984375
5.0422373,0.08203125
4.953249,0.09765625
5.1702147,0.08984375
5.062989,0.0859375
5.220501,0.03515625
5.2224483,0.1015625
5.257366,0.07421875
5.1776714,0.08203125
5.096489,0.08203125
5.152691,0.0703125
4.904957,0.1328125
5.064434,0.09375
4.814435,0.1015625
4.942986,0.08203125
5.0233946,0.08984375
5.269908,0.05859375
4.913339,0.10546875
5.234729,0.0546875
5.3173475,0.0703125
5.020685,0.09765625
5.0822663,0.1015625
5.0391793,0.09765625
4.9843006,0.09765625
5.0290856,0.09765625
5.0841455,0.0703125
5.177262,0.08203125
4.900158,0.10546875
5.055544,0.1015625
4.8096857,0.08984375
5.039991,0.0859375
4.8376083,0.125
5.480818,0.08203125
5.1603703,0.0859375
4.749338,0.11328125
5.1357737,0.08203125
5.2085543,0.05859375
5.0700746,0.078125
5.112113,0.0859375
4.9998035,0.125
5.028531,0.0703125
4.9135175,0.08984375
5.043808,0.09765625
5.1918907,0.0625
4.8406744,0.1015625
4.9123964,0.08203125
4.914127,0.12109375
4.954973,0.09375
5.072258,0.08203125
4.904516,0.125
4.6968074,0.1171875
5.2471285,0.09765625
5.137191,0.1328125
5.2229385,0.08984375
5.149251,0.0859375
5.144769,0.11328125
5.195618,0.09765625
5.271512,0.08984375
5.1657047,0.0859375
5.279485,0.09375
4.9470997,0.13671875
5.0185075,0.10546875
4.9419394,0.10546875
5.15732,0.07421875
5.03118,0.11328125
5.00412,0.08984375
5.2280245,0.06640625
4.9697313,0.12109375
5.12763,0.09765625
5.064287,0.125
5.069941,0.0703125
5.3519998,0.0703125
5.1361275,0.07421875
5.254548,0.07421875
5.1286016,0.09375
5.055192,0.09765625
5.2910657,0.07421875
4.9398193,0.09375
4.943618,0.11328125
4.9978237,0.09765625
5.0742106,0.0625
5.374181,0.0546875
4.9424715,0.078125
4.970315,0.09375
5.3041215,0.09375
5.2865667,0.078125
5.1864524,0.0703125
4.9323244,0.08203125
5.1193857,0.09765625
5.10653,0.08984375
5.0644393,0.109375
4.9893303,0.078125
5.085259,0.10546875
5.124715,0.08984375
5.308501,0.04296875
5.035533,0.125
5.0339193,0.09375
5.1650114,0.09375
4.9849954,0.12109375
4.9074974,0.12109375
4.6102448,0.15625
5.038042,0.08203125
4.8795156,0.11328125
5.043745,0.07421875
5.0080795,0.1015625
5.0029683,0.109375
4.9940834,0.08203125
4.985521,0.1015625
5.4002533,0.06640625
4.9788027,0.11328125
5.124572,0.05859375
5.0990753,0.09375
4.9685254,0.05859375
4.909336,0.10546875
5.1456656,0.08203125
5.259959,0.08203125
4.832554,0.13671875
5.303194,0.09765625
4.913766,0.078125
5.1395445,0.04296875
5.0302486,0.07421875
4.68599,0.16796875
4.7907896,0.1015625
4.993775,0.09765625
4.955163,0.12109375
5.066586,0.0859375
4.844657,0.10546875
4.9903703,0.12109375
4.954509,0.08203125
5.0489063,0.1015625
5.0373545,0.10546875
5.0197487,0.1015625
4.8701015,0.10546875
4.942057,0.11328125
4.8031244,0.0859375
5.046769,0.08984375
5.0174904,0.11328125
5.1804705,0.08203125
4.985672,0.07421875
4.862093,0.15234375
5.0221434,0.10546875
4.8971653,0.11328125
5.1751003,0.09375
4.8579655,0.08984375
5.0188346,0.09765625
4.795934,0.12890625
5.0517416,0.11328125
5.1626406,0.1015625
5.3383036,0.0625
5.2029138,0.0859375
5.21412,0.0625
4.8198137,0.125
5.0557346,0.09765625
5.1340146,0.109375
5.1317053,0.08984375
5.230227,0.08984375
4.8337812,0.13671875
5.1134233,0.08203125
5.0722604,0.08203125
4.7859483,0.1015625
4.905818,0.10546875
4.855729,0.13671875
5.004449,0.0859375
5.155289,0.109375
4.8758683,0.11328125
5.181544,0.06640625
5.0561485,0.1015625
5.0629196,0.08203125
5.185458,0.0703125
5.1013155,0.08984375
5.0454473,0.078125
5.13657,0.08203125
5.0489225,0.078125
5.1047134,0.078125
4.94071,0.0703125
5.070449,0.06640625
5.0479345,0.109375
4.7248693,0.11328125
5.135129,0.0703125
4.8412843,0.1171875
4.92754,0.109375
4.91773,0.1328125
4.895297,0.1015625
5.20311,0.08203125
5.2190514,0.07421875
5.052989,0.08203125
5.0602045,0.08984375
5.3065796,0.09375
4.9189377,0.1171875
5.1354427,0.1015625
4.890066,0.08203125
4.9755297,0.10546875
5.2823243,0.10546875
5.1429553,0.0703125
5.0702662,0.07421875
5.0517898,0.1328125
4.760372,0.1328125
5.0030527,0.10546875
5.1462827,0.06640625
5.2385807,0.07421875
5.071971,0.125
5.0535526,0.08203125
5.1311135,0.08984375
5.1416135,0.05078125
4.948189,0.1171875
5.0909233,0.0703125
4.950497,0.0703125
4.918297,0.09765625
4.8336363,0.08984375
5.109,0.09375
5.178931,0.08203125
5.2942896,0.078125
4.9599404,0.11328125
5.1446533,0.0625
5.2482057,0.0703125
4.9153147,0.10546875
5.113057,0.11328125
4.8926234,0.09765625
5.1580887,0.0625
5.024011,0.07421875
5.096865,0.078125
5.071803,0.109375
4.937384,0.1171875
4.9578,0.09765625
5.1405935,0.10546875
4.8649893,0.1015625
5.0177097,0.1015625
4.88971,0.11328125
5.1093683,0.0859375
4.900704,0.1171875
4.780705,0.109375
5.025261,0.1171875
5.0949855,0.078125
5.159828,0.078125
5.0295935,0.07421875
4.912258,0.12109375
4.9468136,0.12890625
5.021139,0.09765625
5.0159416,0.0625
5.1114783,0.07421875
4.9496117,0.11328125
4.795664,0.12109375
5.0024443,0.08203125
5.0408735,0.125
4.952647,0.08203125
4.959496,0.1015625
5.1792917,0.05859375
4.892651,0.07421875
4.9428797,0.109375
5.082793,0.15234375
4.7338657,0.11328125
5.1330743,0.08203125
4.9095597,0.1015625
4.7981744,0.10546875
4.9609165,0.09765625
4.956304,0.1015625
4.7432203,0.12890625
4.7995796,0.140625
4.7451973,0.14453125
4.916835,0.10546875
5.2437286,0.0859375
4.930704,0.109375
4.959241,0.08203125
4.8023415,0.11328125
5.0309906,0.13671875
5.2136283,0.10546875
4.999962,0.0703125
4.9943905,0.09765625
4.9736032,0.1015625
4.836029,0.1328125
4.847666,0.11328125
4.727682,0.1328125
4.9612045,0.08203125
4.8729534,0.1171875
4.9273977,0.12109375
5.0227,0.109375
4.760097,0.125
4.891569,0.09765625
4.794697,0.12109375
4.8999753,0.0859375
5.0352144,0.09765625
5.020346,0.125
5.071871,0.08203125
5.128838,0.109375
5.037812,0.09375
4.9617367,0.08984375
5.0596642,0.06640625
4.860038,0.13671875
4.8029666,0.1328125
5.0101223,0.09765625
4.814659,0.140625
5.0110254,0.125
4.848941,0.14453125
4.883235,0.125
5.2027206,0.0625
4.9915557,0.078125
4.8771567,0.12890625
5.389095,0.06640625
4.9723735,0.10546875
4.8613334,0.12890625
4.8157496,0.109375
4.828904,0.11328125
5.053763,0.12890625
4.9965363,0.109375
4.614901,0.1640625
4.904155,0.125
4.9481597,0.12109375
4.6561217,0.1171875
4.8410587,0.12109375
5.013111,0.09765625
4.814219,0.1328125
4.80979,0.1171875
4.802722,0.08984375
5.16124,0.08984375
5.188115,0.1171875
4.985319,0.13671875
5.341197,0.078125
5.14932,0.0703125
4.994626,0.08203125
4.9844933,0.1015625
5.118601,0.125
5.1161785,0.109375
4.871944,0.12890625
4.8605914,0.10546875
4.966997,0.0703125
5.1136923,0.08984375
4.917714,0.0703125
5.1987753,0.09375
5.0699787,0.08984375
5.1032276,0.08984375
4.676276,0.12890625
5.07199,0.09375
4.7382646,0.11328125
5.022336,0.109375
5.1185555,0.11328125
4.94712,0.1015625
5.036339,0.08984375
4.7863464,0.12109375
5.0055227,0.11328125
5.0907626,0.07421875
4.9283094,0.109375
5.355282,0.0859375
5.0171356,0.10546875
5.0386133,0.11328125
5.1284666,0.109375
5.137884,0.10546875
4.873495,0.1015625
5.2156444,0.08984375
5.093855,0.08984375
5.0415564,0.109375
4.5891666,0.14453125
4.9006195,0.08984375
5.0349593,0.09765625
5.2480164,0.0703125
4.8290834,0.109375
5.083914,0.1171875
4.719755,0.15234375
4.839221,0.10546875
4.897423,0.12890625
4.77164,0.109375
5.091796,0.10546875
4.910495,0.08203125
4.977216,0.10546875
5.014306,0.1015625
4.9159718,0.09765625
4.682165,0.125
5.008511,0.078125
4.7852926,0.09765625
4.8295374,0.11328125
4.9029846,0.12109375
4.758912,0.1015625
4.864215,0.15625
5.069813,0.05078125
4.99679,0.08203125
4.991977,0.109375
4.9345846,0.10546875
5.086269,0.08984375
4.931303,0.10546875
5.0527215,0.09765625
4.8206844,0.12109375
4.8496914,0.11328125
4.6971154,0.10546875
5.01798,0.11328125
4.8518734,0.1328125
4.7005715,0.1171875
4.5367527,0.1328125
5.037224,0.109375
5.009432,0.10546875
4.7520647,0.1484375
5.064268,0.0859375
4.585834,0.1484375
5.024128,0.13671875
5.1648316,0.09765625
4.7926607,0.13671875
5.0702868,0.0859375
5.1241984,0.05859375
5.017808,0.0859375
5.016249,0.11328125
4.853814,0.1015625
4.977914,0.10546875
4.8532724,0.1015625
5.422225,0.08203125
5.0622745,0.11328125
5.1056566,0.09765625
4.9858904,0.10546875
4.9916954,0.08984375
4.8650427,0.12890625
4.907893,0.109375
4.9366,0.16015625
4.7552233,0.12109375
4.8841567,0.10546875
4.7464285,0.1484375
5.2171135,0.09765625
4.939801,0.12890625
4.869363,0.1328125
4.8803353,0.125
5.035383,0.10546875
4.996311,0.109375
4.8549757,0.08203125
5.0189476,0.12109375
5.0836816,0.09375
5.088558,0.08203125
4.8022127,0.109375
5.0795918,0.078125
5.1794333,0.08984375
4.940853,0.08984375
4.9378505,0.11328125
4.8653708,0.1484375
4.9545403,0.1171875
5.034613,0.07421875
4.8716908,0.1015625
5.1531,0.0859375
5.02384,0.125
4.9620337,0.0703125
4.9151187,0.12109375
4.9341516,0.1328125
5.0855074,0.10546875
4.8336453,0.140625
4.942441,0.10546875
4.89635,0.1171875
5.0019455,0.125
4.7556806,0.125
5.1131053,0.15625
5.195096,0.08203125
5.027612,0.10546875
4.9248023,0.08984375
5.1310434,0.0703125
4.8762813,0.125
4.9653835,0.1171875
4.896996,0.1171875
5.05264,0.08203125
4.786699,0.1171875
5.0621514,0.12109375
5.032256,0.09765625
4.8415728,0.1484375
5.003126,0.08984375
5.049034,0.09765625
4.8768616,0.12109375
4.923971,0.12109375
5.3531933,0.0859375
4.9015636,0.08984375
4.946164,0.13671875
4.798337,0.12890625
4.851561,0.1171875
4.9168367,0.11328125
4.810304,0.1484375
5.0943556,0.12109375
5.358148,0.05078125
4.937873,0.12109375
5.041917,0.1015625
5.004196,0.11328125
4.9875317,0.10546875
5.154151,0.11328125
4.892239,0.13671875
4.813394,0.11328125
4.8778553,0.109375
5.175088,0.08984375
5.1393423,0.0703125
5.071867,0.07421875
5.078734,0.10546875
5.1162643,0.0703125
4.7105665,0.16796875
5.203928,0.05078125
4.9476624,0.125
4.913247,0.1484375
4.952153,0.109375
4.87731,0.125
4.71456,0.1171875
4.5991335,0.1171875
4.947014,0.10546875
4.7636433,0.109375
4.780883,0.12109375
4.7929816,0.1328125
4.755242,0.08984375
4.78613,0.1171875
5.0472784,0.078125
4.8603125,0.12890625
5.1964874,0.09375
4.7920275,0.09765625
5.073225,0.09375
4.879797,0.125
4.8949175,0.12109375
4.7895265,0.10546875
4.8665056,0.09375
4.812579,0.1328125
4.563178,0.15625
4.936724,0.12109375
4.930696,0.13671875
4.850015,0.109375
4.9852505,0.12109375
4.8186626,0.1171875
4.8868656,0.10546875
4.642084,0.12890625
4.951487,0.05859375
4.8046923,0.109375
4.9640727,0.1015625
4.7548776,0.11328125
5.0417576,0.11328125
4.915561,0.1015625
4.8899717,0.10546875
4.851695,0.1015625
4.9057074,0.1171875
4.5288944,0.1484375
4.859724,0.109375
4.8360624,0.109375
4.7869563,0.1171875
4.816023,0.125
4.9156017,0.14453125
4.917143,0.12890625
4.733887,0.11328125
4.915559,0.0859375
4.9139433,0.109375
4.959517,0.1015625
4.9065976,0.078125
4.8740034,0.10546875
4.8140054,0.15234375
4.9418473,0.12890625
4.937954,0.125
5.2450323,0.0859375
5.007092,0.10546875
5.0050697,0.109375
4.951193,0.13671875
5.070957,0.10546875
4.893671,0.0703125
4.963049,0.09375
5.019478,0.11328125
4.7998805,0.12890625
4.806449,0.09765625
4.9539356,0.08203125
4.7809267,0.125
4.6332083,0.1171875
5.0952535,0.0859375
4.9433045,0.109375
4.909178,0.1171875
4.9789133,0.09765625
5.1082497,0.1015625
4.9381104,0.12890625
4.830574,0.12109375
4.7873755,0.140625
4.912368,0.1171875
4.788774,0.140625
4.92603,0.1171875
4.729228,0.1640625
4.7018995,0.1171875
4.7817106,0.125
4.6306057,0.13671875
5.015376,0.14453125
4.6051016,0.1171875
4.792387,0.10546875
4.838961,0.09375
4.920392,0.1015625
5.3722725,0.10546875
4.8683553,0.11328125
4.8790827,0.1171875
4.8563633,0.140625
4.8349442,0.109375
4.9439487,0.1484375
4.8397264,0.12109375
5.0082016,0.08984375
5.0951986,0.078125
5.1273966,0.13671875
5.1766815,0.125
4.8666406,0.109375
5.150422,0.11328125
4.7901,0.1171875
4.7104926,0.11328125
4.854515,0.11328125
4.9506617,0.15234375
4.6698794,0.09765625
5.0837574,0.11328125
4.7940454,0.1171875
4.9822083,0.09375
4.988268,0.140625
5.0103855,0.11328125
4.661831,0.11328125
4.80713,0.12890625
4.9031086,0.125
4.7548323,0.1328125
4.7496552,0.11328125
5.0618706,0.078125
4.8613634,0.1484375
5.0785813,0.09765625
4.80386,0.16015625
4.8311095,0.15625
4.8101196,0.14453125
4.8952665,0.12109375
4.932475,0.125
4.895795,0.11328125
4.49531,0.18359375
4.84339,0.14453125
4.6555915,0.125
4.94154,0.109375
5.0177317,0.12109375
5.119842,0.09375
4.7936745,0.1328125
5.225824,0.1015625
4.810672,0.12890625
4.841999,0.109375
4.7417912,0.1484375
5.0567493,0.109375
4.8767357,0.140625
4.8591833,0.109375
5.029455,0.1328125
4.921387,0.14453125
5.0048347,0.1484375
4.8826494,0.13671875
4.8729596,0.1015625
4.909114,0.1328125
5.108438,0.07421875
4.7808156,0.1328125
5.032213,0.12890625
4.9227695,0.14453125
4.981656,0.1328125
4.765133,0.125
5.361663,0.09765625
4.7860785,0.16015625
4.9434633,0.13671875
5.110805,0.11328125
4.7709093,0.140625
5.078744,0.1171875
5.219696,0.0859375
5.0093102,0.10546875
5.004429,0.10546875
5.0640106,0.109375
4.956587,0.11328125
4.73586,0.14453125
5.1809893,0.09375
4.9760923,0.09375
5.0055265,0.07421875
4.977067,0.125
4.8375034,0.12109375
4.871114,0.12109375
4.888663,0.125
4.9237413,0.1328125
4.8372717,0.125
5.198633,0.08984375
4.8081293,0.11328125
5.225792,0.125
5.0680866,0.11328125
4.9523687,0.14453125
4.9962864,0.09375
4.6541567,0.12890625
4.9756002,0.0859375
5.0661364,0.109375
5.093151,0.11328125
4.960896,0.16015625
5.0795145,0.109375
5.0448017,0.125
4.9629717,0.15234375
4.8850927,0.109375
4.8922596,0.13671875
5.123254,0.0625
4.8608856,0.11328125
5.0923233,0.109375
4.7708874,0.1328125
4.967664,0.11328125
4.711444,0.19140625
4.6228347,0.1328125
4.785471,0.10546875
4.9628,0.11328125
5.029209,0.0859375
4.982462,0.078125
4.9910374,0.09765625
4.8229847,0.14453125
5.0222645,0.1328125
4.774276,0.12890625
4.9180083,0.09765625
4.927087,0.125
4.982899,0.0859375
5.034023,0.1328125
5.0790443,0.1171875
5.1362543,0.12890625
5.0082674,0.1484375
4.912139,0.125
4.833929,0.13671875
4.9273977,0.09765625
4.917262,0.09765625
4.7624307,0.1171875
4.8943872,0.12109375
4.8262415,0.11328125
4.9876623,0.10546875
5.071917,0.1171875
4.781437,0.10546875
4.6844134,0.16015625
4.946364,0.109375
4.856827,0.09765625
4.9732113,0.1328125
5.0402775,0.11328125
5.1333704,0.0859375
4.806089,0.13671875
4.8581448,0.140625
4.9259014,0.12109375
4.9673815,0.109375
4.852593,0.14453125
4.9452496,0.08203125
4.9746475,0.12109375
4.921653,0.1171875
4.908744,0.12890625
4.8284135,0.125
4.5773077,0.125
4.91997,0.1328125
4.664541,0.12109375
4.871478,0.12109375
4.642153,0.12109375
4.688587,0.12109375
5.0665884,0.09765625
5.1467385,0.08984375
5.0269,0.09765625
5.1628456,0.1328125
5.0893564,0.109375
4.8112087,0.1015625
5.1930614,0.109375
4.9205194,0.12109375
5.094864,0.078125
5.134201,0.08984375
4.9856186,0.12890625
5.032099,0.07421875
4.8198767,0.09765625
5.049861,0.1171875
5.0881233,0.0859375
5.0306873,0.15234375
5.042183,0.109375
4.8560286,0.09765625
5.3054047,0.078125
4.9174438,0.1328125
4.8740926,0.12890625
4.895001,0.14453125
4.999833,0.11328125
4.9717712,0.12890625
5.1492424,0.10546875
5.02396,0.0859375
4.713458,0.14453125
5.1767797,0.12109375
5.204541,0.0703125
4.637226,0.13671875
4.967745,0.125
5.0646677,0.078125
4.8193007,0.12109375
4.8950424,0.1015625
4.8246865,0.11328125
5.1910243,0.109375
4.9774456,0.125
4.922338,0.140625
4.915475,0.109375
4.9918437,0.12109375
5.050087,0.12109375
4.9319735,0.125
5.0177746,0.11328125
4.8984556,0.10546875
5.1415696,0.09375
4.8573966,0.1015625
4.8560495,0.125
4.749171,0.16015625
5.048665,0.09765625
4.982979,0.15234375
4.8705654,0.140625
4.881315,0.10546875
4.705721,0.13671875
4.8543262,0.13671875
4.845579,0.1171875
4.916477,0.12890625
5.226864,0.08984375
4.9406395,0.11328125
4.806231,0.1015625
5.0104313,0.109375
5.383172,0.06640625
4.8794417,0.12890625
5.164936,0.10546875
4.8206887,0.1171875
4.6618414,0.1796875
4.7579656,0.10546875
5.1005464,0.08984375
4.811187,0.11328125
5.345258,0.12109375
5.151985,0.12109375
5.180233,0.1015625
4.9292,0.12890625
4.9159613,0.109375
4.9860806,0.1015625
4.9734755,0.1171875
4.900912,0.1171875
4.894438,0.12890625
4.8641276,0.08203125
5.064205,0.13671875
4.959608,0.09375
4.718358,0.12109375
5.0375004,0.0859375
4.8020415,0.12890625
5.083304,0.11328125
4.8031263,0.12109375
4.9286866,0.10546875
4.9236355,0.125
4.561483,0.14453125
4.9631844,0.10546875
4.738113,0.1484375
4.9401903,0.13671875
4.9575505,0.12890625
4.921726,0.109375
4.7187543,0.125
4.889963,0.140625
5.00535,0.08984375
5.0187955,0.16015625
4.755045,0.13671875
4.825431,0.125
5.1164002,0.13671875
4.840573,0.13671875
4.8492975,0.09765625
4.9664607,0.1171875
5.1047506,0.10546875
4.777967,0.125
4.807534,0.15234375
4.9142942,0.15234375
4.8289137,0.125
4.970236,0.1328125
4.8145733,0.15234375
5.01099,0.15234375
5.1240244,0.09375
4.9504194,0.12109375
5.017905,0.12109375
5.0322685,0.1015625
4.7155867,0.14453125
5.3233633,0.109375
4.8401337,0.125
5.0678344,0.1328125
4.8845367,0.12890625
4.9078026,0.125
4.857866,0.1171875
4.8409395,0.1171875
4.8139505,0.15625
4.974345,0.109375
4.939524,0.14453125
4.688653,0.12890625
4.9836245,0.0859375
4.8180656,0.140625
5.0442424,0.10546875
4.882114,0.109375
4.8553705,0.1484375
5.1634746,0.10546875
4.9828124,0.09765625
4.8237486,0.12890625
5.0760193,0.09765625
4.779382,0.140625
5.1122293,0.11328125
4.9708815,0.11328125
5.2428694,0.12890625
5.0204144,0.11328125
4.886112,0.1015625
4.9764824,0.12890625
4.9994707,0.09375
5.0518165,0.10546875
4.9254727,0.08984375
4.769001,0.11328125
4.8690405,0.1015625
4.7928815,0.15234375
4.6801558,0.13671875
4.9364977,0.12109375
5.0901575,0.12890625
5.0775967,0.12109375
4.977932,0.1171875
4.9349995,0.12109375
4.8821163,0.140625
5.0085077,0.10546875
4.976271,0.09765625
5.0662146,0.1015625
4.8879967,0.125
4.8246803,0.109375
4.9524717,0.140625
4.8132906,0.140625
4.8842154,0.14453125
4.674861,0.12109375
4.8247867,0.13671875
4.819211,0.15625
5.1028833,0.109375
4.810809,0.1640625
4.791402,0.08984375
4.986902,0.13671875
4.7652574,0.18359375
4.6829386,0.1328125
5.1441483,0.125
4.9622784,0.12109375
4.795618,0.16015625
4.8682556,0.08203125
4.9219103,0.0859375
5.0750732,0.1015625
5.35767,0.1171875
4.91579,0.1328125
5.001085,0.109375
4.8619204,0.13671875
4.8871207,0.078125
4.799389,0.109375
4.909153,0.09375
4.9507723,0.11328125
5.3151803,0.08984375
5.0140076,0.109375
4.7526855,0.140625
5.1635656,0.07421875
4.792735,0.11328125
4.9948263,0.10546875
4.9594736,0.09765625
4.920376,0.12109375
5.0315285,0.14453125
4.8562737,0.13671875
4.838108,0.12890625
5.0257306,0.08984375
4.8942475,0.1484375
4.9378614,0.13671875
4.870883,0.1328125
5.0146923,0.09375
4.863756,0.14453125
4.9469595,0.11328125
4.78469,0.1484375
4.90495,0.13671875
4.7259636,0.11328125
4.882706,0.12109375
5.0312276,0.0625
5.319401,0.10546875
5.002865,0.10546875
4.747327,0.15625
4.5759716,0.12890625
4.682918,0.12890625
4.9873877,0.08984375
4.8197446,0.12109375
4.819684,0.109375
4.941211,0.14453125
5.1391172,0.11328125
5.2703257,0.1328125
5.181468,0.13671875
5.0738735,0.1171875
5.0057354,0.12890625
4.8926125,0.0703125
4.9191837,0.12109375
4.989377,0.08203125
4.993156,0.11328125
4.937707,0.1015625
4.911083,0.140625
4.7149515,0.13671875
4.800216,0.14453125
4.9898424,0.109375
5.0479803,0.1015625
5.199188,0.09765625
4.9587326,0.078125
5.06327,0.1171875
4.9263806,0.08984375
4.9696083,0.1171875
4.8523374,0.09765625
4.845309,0.1328125
5.065013,0.09765625
4.936104,0.12109375
5.051465,0.12890625
4.812236,0.1171875
5.0001435,0.08984375
4.9478807,0.10546875
5.0385966,0.12109375
4.8710866,0.1171875
4.9854774,0.09765625
5.0941386,0.08203125
4.647311,0.17578125
4.8659,0.13671875
4.7438774,0.10546875
4.862095,0.12109375
5.011527,0.13671875
5.055131,0.09765625
4.809989,0.125
4.8398104,0.11328125
4.869235,0.1171875
4.8011365,0.10546875
5.002217,0.109375
4.8495064,0.12890625
4.912924,0.1171875
4.8606806,0.109375
4.9943857,0.109375
4.8037605,0.1328125
4.917719,0.1328125
5.1143756,0.09765625
4.983011,0.09765625
4.851639,0.1484375
4.9120684,0.11328125
4.948602,0.1328125
4.905113,0.1015625
4.778781,0.140625
4.787105,0.12109375
5.1249676,0.12109375
5.2031145,0.0703125
4.976946,0.11328125
4.88356,0.11328125
5.124546,0.140625
4.9124303,0.0859375
5.074809,0.09375
4.961445,0.1171875
5.0172,0.10546875
5.00568,0.109375
4.972304,0.09765625
4.747918,0.1171875
4.838742,0.12109375
4.753316,0.140625
4.9547524,0.15234375
5.0168076,0.11328125
5.0524006,0.125
4.8880653,0.109375
4.970535,0.14453125
4.9314966,0.14453125
4.906361,0.1328125
5.1290917,0.08203125
5.13422,0.08203125
5.1383877,0.1171875
4.9701,0.06640625
4.8008976,0.13671875
4.9585285,0.109375
5.087196,0.08984375
4.7810097,0.12109375
4.896655,0.12109375
4.888212,0.125
4.9265156,0.1484375
4.902785,0.1484375
4.7122226,0.171875
5.0122175,0.1328125
5.0676336,0.140625
5.2446947,0.09375
4.889652,0.10546875
5.28874,0.109375
5.0569296,0.09765625
5.114089,0.08984375
